0.000000000000000000e+00
0.000000000000000000e+00
0.000000000000000000e+00
0.000000000000000000e+00
0.000000000000000000e+00
0.000000000000000000e+00
0.000000000000000000e+00
0.000000000000000000e+00
4.290056066088185105e+01
6.890685674324224408e+01
7.253672366467422705e+01
7.648989468926322388e+01
8.755266787252890026e+01
9.412131368078176763e+01
9.186639879523816887e+01
6.715737515470397057e+01
7.021395961075926095e+01
6.817810759061215720e+01
9.129701212237853269e+01
7.011307408839613231e+01
8.408526223915784215e+01
7.722498815467048416e+01
1.161950744452740167e+02
1.510587599803167791e+02
1.871408224641859590e+02
1.819073810680682186e+02
9.871069026436190086e+01
7.936232721736134010e+01
8.098710515187200087e+01
7.073435141640595702e+01
9.106388362894432476e+01
1.041628889561353759e+02
1.008515808680769936e+02
8.861276126983702284e+01
8.743430586270989124e+01
6.027162500577041726e+01
4.715487456659563748e+01
7.083649093050183865e+01
6.252653663500267101e+01
6.462175287806658730e+01
9.514250894706061956e+01
1.137968730631719438e+02
7.315871218275920285e+01
4.272045005094344106e+01
6.717884776992836748e+01
4.941530907815584328e+01
5.562999948727308208e+01
6.709722248855270266e+01
5.668656439646833434e+01
2.352613913398728585e+01
3.186523259140456332e+01
6.659749978025787698e+01
4.762246043351818514e+01
6.220301568870357301e+01
8.270614179114883768e+01
1.013122530349111940e+02
6.367621676563401678e+01
4.429112450514756461e+01
7.157697800909134855e+01
5.990262663450727842e+01
5.566195369244010749e+01
6.642040611541877126e+01
8.740219283060669397e+01
6.360809152078305573e+01
3.893527772072302184e+01
5.745640918679233522e+01
4.818697338603297453e+01
5.245197839229996362e+01
7.271680266048784347e+01
6.632833960028767706e+01
3.140005761928744121e+01
4.355138444206555448e+01
6.216708968061807639e+01
6.028962867088217337e+01
5.883506705935121062e+01
7.068572495758958496e+01
5.525161998301752675e+01
2.907304138948809680e+01
3.940226917575582632e+01
5.956974554620521189e+01
5.273445651822090241e+01
5.419252700121710831e+01
7.265065076515097076e+01
6.650076878333487684e+01
4.489249836662057191e+01
5.544677299481568866e+01
7.414026423094445306e+01
7.127317235031951270e+01
6.967439460145982366e+01
6.626845041630926403e+01
6.288157093416514698e+01
5.786943105467223347e+01
4.554732387115654291e+01
6.067483146017475804e+01
6.096403653419505986e+01
5.950281054319577123e+01
5.516974007009874725e+01
6.567794386514938765e+01
4.208189626255833105e+01
4.405710430872269256e+01
6.521646781684761152e+01
6.906365215058104923e+01
6.085551132428443566e+01
6.257960351745509797e+01
6.738883791434832915e+01
4.369426481209016799e+01
3.510334869672070113e+01
5.829991340852995307e+01
5.741556757463602167e+01
5.588130932147077345e+01
6.124144569654597348e+01
6.257820513499963511e+01
4.740484788171924890e+01
4.894017058440884682e+01
5.827088677232289626e+01
5.761620669669443373e+01
5.537786265401696539e+01
5.903750130341290969e+01
6.308203988370266302e+01
4.429248915232955142e+01
3.073720901453907572e+01
6.508458620501232872e+01
6.430336797064147447e+01
5.654679531610291576e+01
6.510336715442862499e+01
6.678076795784200215e+01
4.913280656103712829e+01
3.151616321688167943e+01
5.414735412818122740e+01
4.927480435452334717e+01
5.061991023908806397e+01
5.122267245500252386e+01
5.351018515508364004e+01
3.807112723537379395e+01
3.266176625865110594e+01
5.444441788920750724e+01
4.908006608694665829e+01
4.863233828212825927e+01
4.956968432218958043e+01
5.287996925602353571e+01
3.787257725909119443e+01
2.890377322265923254e+01
5.077751761103554173e+01
4.810552639396372854e+01
4.976542901484399550e+01
4.947212168721711834e+01
5.030658367540131337e+01
4.133581284301040171e+01
3.409711976703522396e+01
5.063280041970639900e+01
3.959709281862397745e+01
5.912291957115591856e+01
5.901267218176869989e+01
5.800732796778926570e+01
3.926425717989168618e+01
3.274347678864473465e+01
4.885577877367154542e+01
5.480253375181600717e+01
4.936468892378253059e+01
6.086854699144297598e+01
7.376433357404437174e+01
5.866117714198162503e+01
3.898721095908142331e+01
4.906969415485836805e+01
5.161000340668180542e+01
4.568150402511572139e+01
4.120364902975430965e+01
4.881136961157443466e+01
3.290241436358406446e+01
3.855184208841988891e+01
5.192616326453553199e+01
5.456038677220826116e+01
4.942886148417932901e+01
4.960366787893988771e+01
5.303699339453546457e+01
4.194928874317551504e+01
3.533050627666806065e+01
4.678953735738600272e+01
4.955491401631667259e+01
5.068612831350218073e+01
5.083979755144835622e+01
5.332002565919434289e+01
3.959753301186822227e+01
3.645180594314565070e+01
5.315865307414256336e+01
4.491188691190497195e+01
5.116489785826964010e+01
5.051745180622028641e+01
5.376410057713660251e+01
4.317605577488260593e+01
3.891973686346358363e+01
4.623596118937126676e+01
5.456472329748481798e+01
5.365809321309813384e+01
5.661056118379091373e+01
5.237029919411988033e+01
3.821656902305106485e+01
4.116513157680492441e+01
5.139132029421934789e+01
6.405110818749891166e+01
5.399244424959923094e+01
5.918253439805605609e+01
7.755444847564382371e+01
9.465899256959717434e+01
7.253750519358051463e+01
7.203196124156718838e+01
6.746995480660937972e+01
5.936937574371582116e+01
5.342615964560630459e+01
5.514324268583462185e+01
4.401963820861392662e+01
4.391035749471807748e+01
5.360127780733632363e+01
5.607625297780979423e+01
5.092524111291206879e+01
5.342810213771399930e+01
5.210650271839713099e+01
3.471484273383929775e+01
3.307044538071294681e+01
5.330845146375954613e+01
5.456252154244513974e+01
4.935303223078287971e+01
5.306280635481368790e+01
5.117919479705825836e+01
3.448915353768526870e+01
3.505770603825691722e+01
5.260962777821773528e+01
4.735672534348086060e+01
4.670050096174995957e+01
4.611359205701349140e+01
4.806729315307381967e+01
3.409310365531370479e+01
3.735057857364763123e+01
5.277598633451314214e+01
5.021260901706654067e+01
4.313808163307390942e+01
4.453031121210901233e+01
4.559409873338876906e+01
3.648166785703055837e+01
3.084548487408672912e+01
4.169860253369692060e+01
4.527905056465952072e+01
4.308205058380938368e+01
4.451313826716335598e+01
4.434832041853262297e+01
3.385850960729303694e+01
3.253344195660926630e+01
4.475210186526837219e+01
4.075548358891602874e+01
4.284879111485345504e+01
4.301544659531212034e+01
4.604013487365848789e+01
3.600151943170650526e+01
3.304332553043797560e+01
3.997554859567669183e+01
4.684608800455466593e+01
4.388312315724854784e+01
5.083008097016978155e+01
5.165354188667355118e+01
3.493562607323006830e+01
3.052433922390342147e+01
4.079222298169908356e+01
4.605940831954533365e+01
4.303715365187368747e+01
4.575887878954835486e+01
4.812137818126176825e+01
3.783548579807895607e+01
3.114466737497262372e+01
4.585400540382302381e+01
5.232588790863994177e+01
4.838380455826359849e+01
4.800255241692612174e+01
4.659565907690017639e+01
3.826010093158073033e+01
3.403675079993902841e+01
4.473263202856552567e+01
4.715495108515421663e+01
4.878626598875665366e+01
4.828087934768392131e+01
4.779253711798097726e+01
3.613051475718173577e+01
2.949575961511316535e+01
3.825644706949612583e+01
4.577685445314310897e+01
4.464088768318439548e+01
4.858476584898057382e+01
4.736802978953951282e+01
4.220774204292848708e+01
3.360730248156325217e+01
3.912167523387269341e+01
4.564175248721459610e+01
4.600182344767437570e+01
5.023003316141227259e+01
4.688269653410911531e+01
3.906590388299689209e+01
3.125753556610898443e+01
4.170339856976627146e+01
4.338478498825730156e+01
4.093589050609752888e+01
4.819085354502217200e+01
4.815977947691551009e+01
4.255546522347712113e+01
4.000056605887798611e+01
5.220029550774704319e+01
5.120181159166781271e+01
4.883128171923881666e+01
4.543230850605921489e+01
4.425924825012374697e+01
3.915960063269643854e+01
3.823251608189296036e+01
4.559076448291713035e+01
4.376579832008373927e+01
4.467533134663461425e+01
4.639881698738268767e+01
4.305158026449191055e+01
3.669258037219420032e+01
3.832948455648035946e+01
4.178869967536653007e+01
4.151472790662592161e+01
4.722186646299753932e+01
4.523940627086414423e+01
4.609190415201275215e+01
3.952394491442833413e+01
3.280233721759528720e+01
4.021704009854734352e+01
3.713991422332402692e+01
4.109771541581025645e+01
4.265143119526589288e+01
3.573281073224541160e+01
2.691955182008454628e+01
2.590753638975503037e+01
3.782219120537909163e+01
3.410665847237788029e+01
3.801000626963649864e+01
3.677735763152188753e+01
4.246625036321476898e+01
3.563962731075147161e+01
3.228729793268150416e+01
4.027213286518999524e+01
3.563998674042238690e+01
4.109119918273025007e+01
4.162372514955298186e+01
4.363478678865870819e+01
3.894087244909151480e+01
2.967430211587674904e+01
4.487934243574351001e+01
4.470416386560377475e+01
4.270592572855697711e+01
3.700535898080156727e+01
3.906063287739844725e+01
3.112232149203027731e+01
3.148767904280228436e+01
4.421008791324283038e+01
3.831526515705989766e+01
3.661796551749097262e+01
3.727352011920568486e+01
3.451540948073346016e+01
3.015229562033723809e+01
3.083313818980050769e+01
4.036249225344393921e+01
3.175946695969589229e+01
3.564057987478465606e+01
3.757336014727941631e+01
4.846882550539297085e+01
4.269847969579441838e+01
3.112570991035818224e+01
4.030176369051207530e+01
4.015091059782715632e+01
8.441774284885558188e+01
1.000434517470676496e+02
8.777301429089540363e+01
4.361860596323936790e+01
2.967584151971927753e+01
3.602579841832283591e+01
4.381272827412846738e+01
3.857434813546736052e+01
3.893507723890017047e+01
3.939274037100853576e+01
4.039102699491738946e+01
4.537698320515441708e+01
6.211932702490614844e+01
7.943517458266744313e+01
5.970591035574701522e+01
5.096302160741602449e+01
4.998036118461919131e+01
4.982156899714424725e+01
4.216616523287193274e+01
4.485519621437889981e+01
4.316457390967765662e+01
3.996570157707149917e+01
3.863184706048305372e+01
3.625998104857175974e+01
3.409462845762362804e+01
2.874696760726543943e+01
3.911794958543081435e+01
4.079886129376485115e+01
3.981398336370656921e+01
3.574366994819045829e+01
3.045620551196667947e+01
3.153811344472507727e+01
2.849575295120590823e+01
3.848822123266199924e+01
3.540076775842731394e+01
3.437842855149725096e+01
3.843236671517782099e+01
3.822127544565124424e+01
3.179999302944275286e+01
3.280473312823407639e+01
4.633498421240978615e+01
5.432424038080500850e+01
4.475169559674648667e+01
3.567465534866620658e+01
3.130830743326176346e+01
2.831991820409966465e+01
2.508114622347845213e+01
3.569592269092469650e+01
3.362835387588458502e+01
3.287887727844962882e+01
3.471994383164648212e+01
3.112183507111473091e+01
2.892245144926013012e+01
2.801775810678199008e+01
3.880648619265608090e+01
3.475130977210997685e+01
3.241598769126076007e+01
3.609588560789082834e+01
2.968252162323801713e+01
3.137670710576774269e+01
2.633901260334815575e+01
3.633922200048682072e+01
4.392380703001544617e+01
4.167451275642518027e+01
4.022677707143631665e+01
3.325056267038202407e+01
3.291293007895763623e+01
3.104227381360336580e+01
3.610472066620773290e+01
3.426204246774947393e+01
3.052454783753501388e+01
3.307365405566257266e+01
3.033956661446562464e+01
2.853543313894367373e+01
2.361196414919568554e+01
3.301836146615235634e+01
3.028683692193691712e+01
3.131000746121508982e+01
3.428231751791943793e+01
3.217614141205844902e+01
3.110977323823488305e+01
2.339119352871333035e+01
3.370512748517013790e+01
3.127008756060738648e+01
3.684141348799074933e+01
3.626572378081670678e+01
3.235104572967522074e+01
2.775474320395471040e+01
3.002934073303274687e+01
3.808594178804159469e+01
3.465405083818821197e+01
3.010860784671910650e+01
3.119386846849339889e+01
3.917040734869001284e+01
2.685844900764973886e+01
1.988183707040193937e+01
3.425206683682843334e+01
3.191016290806230415e+01
3.032083995598978277e+01
3.645932688364535323e+01
3.244845967790967478e+01
2.759927288487410024e+01
2.306399819601475798e+01
3.249885119103183229e+01
3.310659029794427965e+01
2.894320726106331065e+01
3.150938947221893471e+01
3.038808065104568712e+01
2.562829222220967296e+01
2.637714302097110064e+01
3.681895228711229606e+01
4.062472484073668966e+01
3.316786891928813219e+01
3.582521499600384374e+01
3.335945139611443011e+01
2.982145752671316075e+01
2.871424732248569001e+01
3.436332333353321644e+01
3.514803278066241177e+01
2.973658237897887702e+01
3.098643385767103098e+01
3.336356978512472438e+01
3.088417696079165964e+01
2.286322010651280578e+01
3.225866628662710411e+01
2.905620034633289706e+01
3.011472446598301289e+01
2.804154151827653862e+01
2.598040475518882531e+01
2.188922433177324223e+01
2.019764655111858076e+01
3.364626031641433457e+01
2.933361119380147741e+01
2.884186634288040096e+01
2.811687273616484006e+01
2.889822442175873007e+01
2.366174169455349130e+01
2.035771759295077388e+01
3.191942116320583267e+01
3.042247606022600692e+01
3.289632894316415701e+01
3.284146367269685385e+01
3.242408845267271289e+01
3.000149043375744640e+01
2.933543599465654950e+01
3.758017805318231552e+01
2.799411520780816431e+01
3.776145961760220615e+01
3.657732230310666921e+01
3.537878667812479705e+01
2.253234305003043403e+01
1.958127072574038863e+01
2.928501317483065947e+01
3.340549472680169885e+01
2.942920375024067781e+01
2.569646955385047704e+01
2.723672016975406152e+01
2.358795068926912819e+01
2.404562458672253200e+01
3.583212694396484466e+01
3.685994060095638503e+01
3.168893836647099249e+01
2.761073983222387440e+01
2.706500026361529265e+01
2.003338394021663049e+01
1.830037549324810442e+01
3.059661677238190336e+01
3.103800459593818672e+01
2.938040776787135044e+01
4.438568085775916927e+01
6.246625022433966734e+01
5.125653571901713690e+01
3.068074596527911524e+01
3.260702425803025761e+01
3.529009847218522111e+01
2.922784416599280988e+01
3.127680658281120785e+01
3.411461295971457020e+01
3.766737125907872041e+01
3.630096189858822697e+01
4.237738119174350970e+01
4.284224377914181758e+01
3.861849082465493410e+01
3.392514952273189266e+01
3.716854693261410603e+01
2.932826886800266664e+01
3.596848201223806285e+01
4.637552593170159554e+01
3.901239365795709801e+01
3.987618916358553633e+01
3.744174223269939716e+01
3.340893205785511810e+01
3.084031552556970013e+01
3.380737504095387180e+01
4.364097679219877790e+01
5.066734259368408999e+01
5.302785456033176104e+01
5.363443597462224233e+01
4.512854346648104098e+01
3.080675636425480235e+01
2.529969594986025072e+01
3.956750082847784000e+01
4.054363866262838201e+01
3.978552912012064979e+01
4.058098648126059516e+01
3.906571168531930738e+01
3.420924990435118929e+01
3.024171753525862982e+01
4.101268615842050735e+01
4.209007580466359855e+01
3.904564526895821786e+01
3.934556041507110535e+01
3.817723509321843522e+01
3.294191320632988607e+01
3.277616346569482175e+01
4.358332581408366480e+01
4.119734325758239635e+01
3.784487612336668860e+01
4.113563411155467264e+01
3.970414051953332546e+01
3.217205111909979109e+01
3.257495943397736937e+01
3.866209287309847298e+01
3.958861583569506593e+01
3.966661538144944643e+01
4.013196631363248201e+01
3.569066547913597987e+01
2.967686503680613797e+01
2.230761961457031362e+01
3.508848695145279351e+01
3.784836194134173581e+01
3.438216744797930602e+01
3.702305479949579592e+01
3.520121792126466431e+01
2.513542423014895277e+01
2.101080370824680443e+01
3.302886077035410750e+01
3.617035601315517113e+01
3.746319406503847915e+01
3.321339162038866988e+01
3.067585506220899205e+01
3.026859726355279889e+01
2.706109233902677857e+01
3.944232161545707527e+01
2.939636789187809995e+01
3.960275327958495950e+01
4.126651815999714756e+01
4.129380038895310889e+01
3.232623298766009157e+01
2.727983783125736750e+01
3.413360112138915525e+01
3.901447584467536700e+01
3.485149627010610374e+01
3.398694294645007830e+01
3.324616100370500504e+01
2.626641353460024675e+01
2.005916431114424725e+01
3.670981492730171425e+01
3.847884707881912902e+01
4.235559464621357506e+01
4.081096326666403229e+01
3.616656884866805655e+01
2.991064792514854176e+01
2.456165139836858557e+01
3.643627762726802644e+01
4.047327761548646663e+01
3.932358854108942836e+01
4.042522710268079322e+01
3.751381344793156103e+01
3.147994415964836179e+01
2.195551853668601439e+01
3.685137038047102465e+01
4.282581004428769234e+01
4.205213904257968238e+01
4.511165577847813779e+01
4.384631844201672379e+01
3.611594760823827954e+01
2.368189700324030866e+01
3.834761715246882119e+01
4.220007760689440346e+01
4.259776849319048608e+01
4.133655585090384221e+01
3.937030166819735655e+01
3.213927205531776110e+01
3.019525849263876438e+01
3.921486988260855355e+01
4.556207851158119126e+01
4.677206018016163824e+01
4.501240595699287184e+01
4.279572857806677888e+01
3.855879129752343459e+01
2.692859555584263376e+01
4.023558933273401550e+01
4.627276772143986250e+01
4.760218936369034282e+01
4.612253119490234354e+01
4.294485805222264219e+01
3.463156473246456812e+01
2.650492051499197288e+01
3.815993892666728016e+01
4.384359006246442902e+01
4.023577809298436136e+01
3.996822494463626185e+01
4.632482663729435046e+01
3.525357139563884346e+01
3.029218638982774436e+01
4.766463448419794702e+01
4.970817639303814417e+01
5.034120765159467936e+01
5.901510983093940865e+01
5.770631234180790159e+01
4.807472530394460364e+01
4.226314585644389155e+01
4.369919581895664606e+01
4.778910982258146589e+01
5.104636126441716470e+01
5.204455675262371273e+01
5.921940528586562635e+01
5.178568118780030005e+01
4.669413307229442012e+01
5.649560698047238816e+01
5.356182807160236337e+01
5.381739695203841478e+01
5.659800806592073741e+01
4.228343916685821569e+01
3.901909623450134745e+01
4.092296051258480105e+01
5.977521845523850175e+01
6.440719720772504786e+01
7.716406324705064890e+01
7.423951452535209228e+01
6.958601441211392569e+01
6.130684671775012617e+01
5.233045997252983739e+01
5.675206676730273614e+01
5.013611668519180142e+01
4.795920261445840538e+01
4.701319318845256134e+01
5.379152155656073120e+01
5.062432253673949134e+01
3.930207025611242244e+01
4.620254785283773202e+01
4.250774890900282799e+01
4.633184703561855855e+01
5.438417563725540305e+01
4.855393160620788251e+01
3.571359107611095851e+01
3.113446080253886095e+01
4.337221787583289512e+01
4.358401598461065873e+01
4.263181586915410293e+01
4.023510130002477325e+01
4.099499958336619443e+01
3.045452832897611728e+01
3.142530359590765698e+01
4.488465151477186765e+01
3.933929302882536660e+01
3.650870612849143981e+01
4.495435420238767676e+01
4.126263433699632799e+01
4.020882134356831017e+01
4.902016063454581740e+01
7.753681784301841162e+01
8.106824016500642927e+01
6.156155564974714167e+01
1.148511167236504491e+02
1.215753436431275816e+02
8.516819689642939295e+01
4.842822487049116376e+01
4.561453764064702909e+01
5.038147497921318774e+01
5.624755576637589627e+01
3.704698327213408504e+01
3.261249288576032512e+01
2.859863075507795571e+01
3.182366733747576859e+01
3.697235144457499700e+01
3.528347741428817841e+01
5.126023285472541602e+01
4.537779034949964796e+01
5.780745932129806164e+01
7.243614696421360577e+01
7.397999335395181220e+01
6.832814351583074597e+01
1.067631522821478995e+02
1.367065681625278728e+02
1.639878644559332201e+02
2.094333274120524777e+02
2.712620338520721361e+02
2.118779139619492184e+02
1.464311241375722261e+02
1.264656550854731023e+02
1.053410302529524500e+02
5.573358786328296333e+01
4.537695831469036278e+01
4.830850699200844645e+01
1.325921881844822678e+02
1.482908130676595988e+02
1.554460436159282608e+02
1.611591658079760805e+02
1.383978129036032385e+02
1.661773622571198530e+02
9.294764141562802706e+01
9.316234379781869279e+01
1.550083497125627616e+02
1.274717352493646558e+02
1.187623391227284770e+02
9.766237806000685850e+01
6.786212872362510495e+01
6.373739991008136485e+01
4.804909862118415731e+01
8.846384206709471698e+01
1.278767024063424884e+02
1.342581171861054656e+02
1.448927371836285545e+02
1.289899680585491808e+02
1.087798272507767479e+02
3.919353355973677822e+01
5.108013681248236537e+01
3.795004416189836860e+01
5.052035226872776263e+01
5.502367137667626906e+01
4.475725650568180214e+01
2.989913083432777086e+01
3.209320217101854666e+01
5.328109467107242381e+01
4.247500789060163129e+01
4.975809389296416896e+01
6.413312658927631560e+01
5.817340913437931249e+01
5.154686430403099706e+01
4.579533767602927696e+01
6.253101627153763076e+01
4.409768851173328130e+01
4.607807692057233595e+01
5.601418210760104444e+01
5.528343889357101659e+01
5.243353036634915298e+01
4.731853296861856961e+01
6.357336675249717217e+01
5.752701444362459426e+01
5.752096110759228509e+01
7.421988377359190281e+01
7.880646377340366371e+01
5.871256214180574773e+01
4.457009227818603136e+01
6.077025259352633668e+01
5.392968910695997664e+01
5.758993959877187763e+01
6.263954321408727566e+01
5.773125407823311406e+01
2.390997983069060950e+01
3.526261157991579864e+01
5.541463903501409760e+01
4.451697199770526225e+01
5.467218677782522462e+01
7.008123529795886952e+01
5.760079939422961104e+01
3.695946319761954157e+01
3.320766754894898298e+01
5.305110826215518927e+01
4.641687244123759370e+01
4.528375769175875121e+01
5.744726677965278583e+01
4.453618764694984833e+01
3.057877793939697142e+01
3.363542741765515132e+01
5.342720254695008464e+01
4.952793762470243166e+01
5.024740211368788323e+01
5.265045941380370209e+01
4.732707722057102728e+01
3.826761714404602799e+01
3.229696310478923493e+01
5.397402598286167574e+01
5.164177168007520891e+01
5.240704154292616579e+01
5.260358229632903715e+01
4.893897376791125708e+01
3.752780177127358741e+01
3.676267375817838001e+01
5.242398667806576640e+01
4.564518909094370969e+01
4.890801146186502990e+01
5.094938724481146863e+01
5.380379563780195440e+01
4.030606274887232132e+01
3.183262805682786478e+01
4.937460566137173146e+01
4.326642691235600324e+01
4.202347248047279038e+01
4.788691390745425025e+01
4.775916563557798611e+01
3.751766581613102858e+01
3.303496144528940448e+01
4.682272045635902913e+01
4.332007192292605424e+01
4.248685300766235429e+01
4.843761778476115154e+01
4.951720689987281077e+01
3.025122777370439309e+01
3.121360912662603937e+01
4.523560439593256888e+01
4.895955291072200311e+01
5.183522131909337816e+01
5.683843738530669043e+01
5.909984402336132803e+01
3.848405872191886345e+01
2.910477616621112062e+01
4.900737622966574492e+01
3.544536361408274416e+01
4.431825469831046149e+01
4.650134982766619629e+01
5.740308775829009136e+01
4.994158078036592485e+01
5.307186699828847765e+01
5.579403155323990404e+01
5.524714034140119878e+01
3.780934496209848561e+01
4.374870591725012758e+01
3.939816691459552089e+01
2.838436299193796586e+01
2.793693885060034887e+01
4.295979644058137126e+01
4.322818118306483370e+01
4.313253932082986353e+01
4.283317060236245766e+01
3.880425570348673148e+01
2.335850707814063654e+01
2.173148011102177435e+01
4.022425297429351332e+01
4.260817526104973751e+01
4.011461199605374617e+01
4.285289735975024428e+01
3.329557695922754590e+01
2.821604163633537610e+01
2.420785666944990311e+01
4.438634749334827490e+01
5.178510832764002458e+01
4.943556018330367152e+01
5.313782311447981499e+01
4.696001702755867768e+01
3.368084108793396325e+01
2.654813534671616182e+01
4.479588818167599840e+01
4.200060397381938060e+01
4.039806257977195969e+01
4.302775760901138113e+01
3.313024928984039974e+01
3.528088655186260780e+01
3.281931104840356994e+01
5.327972813030443433e+01
5.723905531783802303e+01
5.049452626698889901e+01
5.124182837603341056e+01
5.440631981739808509e+01
3.643797705995714864e+01
2.933780491335050655e+01
4.905032957590109532e+01
5.359056523006565698e+01
5.750867247226304357e+01
7.267419921483947576e+01
7.700618261999839831e+01
6.626019037251174382e+01
5.715593665239696719e+01
5.681151712908880569e+01
4.859915075351048586e+01
4.977233329309571275e+01
5.045112825413807656e+01
4.311666031216176975e+01
3.263556031684723990e+01
2.750740892483767652e+01
4.754533720738119484e+01
4.291430115168487447e+01
4.042102903687360538e+01
3.757446041675178350e+01
3.793308208194965658e+01
2.762347644234163369e+01
2.412967393604203892e+01
3.576836794906422057e+01
3.059395777073461176e+01
3.108827803707080051e+01
3.369029443594420314e+01
3.551467415610322576e+01
3.352809683291053489e+01
2.742684765486761833e+01
3.855328081733879486e+01
3.772196237778499750e+01
3.950495319249377246e+01
3.334909992074035046e+01
3.102607504362133639e+01
2.279353464667486406e+01
2.008813339556995103e+01
3.499316750313304425e+01
3.670315299836261858e+01
3.734693329487768665e+01
3.849242098486521257e+01
4.172824427230806066e+01
3.022238231140313047e+01
2.275256275751608470e+01
3.762756794693162732e+01
3.741872149335037534e+01
4.033344802933589790e+01
4.074070065538891328e+01
3.809180847262467751e+01
3.192481226461652710e+01
2.564633116293633464e+01
4.130008962645673876e+01
3.588914927172553604e+01
4.479714210172986100e+01
3.988937251905308301e+01
3.611634990964968495e+01
2.446103301883034931e+01
2.730885676266764150e+01
4.001567395273741568e+01
3.977562985955979258e+01
3.775111485721622984e+01
5.127194765418264666e+01
5.320631535730566952e+01
3.732188628992742707e+01
2.966293960020887965e+01
3.617625468212914797e+01
4.167792133739619231e+01
3.951464825643536471e+01
3.117253288637893505e+01
3.350283999722138617e+01
3.311058993157727315e+01
2.526951363896288072e+01
3.973294954621280084e+01
3.740742275359065161e+01
3.278565591113022748e+01
3.343244670777507821e+01
3.250278738518451860e+01
2.579392240956853399e+01
2.485831084508937394e+01
3.522449919062721335e+01
4.071878342357383929e+01
3.712530782203499058e+01
4.223079092503356691e+01
4.098883340634566963e+01
3.278341193823695932e+01
2.853126624867277883e+01
4.016091772334602439e+01
4.681321620189360289e+01
3.813134260205058013e+01
3.302733304525945357e+01
3.539652820650922393e+01
3.208003613645934138e+01
2.773934394084656674e+01
3.850355382732247023e+01
4.108923348475726556e+01
3.935383618999482991e+01
4.040770929037095982e+01
3.954069224132796023e+01
3.564660483756357223e+01
2.552885611888478223e+01
3.535022092168060937e+01
4.365148791264135042e+01
4.391751124320012423e+01
4.552623479079913693e+01
4.826074321321913629e+01
4.096101886840541084e+01
3.189016529943202016e+01
4.197610609724527109e+01
4.423741293406676078e+01
4.593446376735722225e+01
4.054484608488466080e+01
3.702598713044015000e+01
3.688109175706416920e+01
2.665970426442742536e+01
4.240664781147859941e+01
4.899573889932960924e+01
4.776691334684366552e+01
4.286382037746546558e+01
3.618049620754454310e+01
2.813636220302240432e+01
3.052401742988704569e+01
3.628199069319892800e+01
4.190490523308311310e+01
4.746694736299202333e+01
5.390422284029463640e+01
5.092325128611039275e+01
3.447102549526510273e+01
2.571601678075463582e+01
3.787949261618246766e+01
3.748397702570482437e+01
4.131178942597586001e+01
4.563216077870459486e+01
4.332639285164909637e+01
3.411054785146451707e+01
3.016364980487249525e+01
6.603120734125583624e+01
8.021622519631071668e+01
7.204774420889165754e+01
5.733224011153011901e+01
4.441054268668519001e+01
4.190905732364830527e+01
4.366882760279042941e+01
5.216052431976193304e+01
4.944352443882504389e+01
5.104329079151730753e+01
4.783136421119016291e+01
4.548509606725695420e+01
3.490825353649582752e+01
4.276607955959585894e+01
5.709495102927629517e+01
5.227813280254672890e+01
5.268595228864036528e+01
6.341132730688190122e+01
1.369898155138435527e+02
1.599370253474917547e+02
1.033946079881743856e+02
8.093009788940142357e+01
9.837457341917935594e+01
